action_weight: 0.15381435992537212
horizon: 25
kernel: Matern
learning_rate: 0.06751638413568652
n_ind_points: 30
num_epochs: 8
num_samples: 70
optimization_iterations: 3200
state_dot_weight: 0.021490524219394125
state_weight: 5.817095739150349
