hidden_dim: 32
activation: "leaky_relu"
gamma: 0.99
gae_lambda: 0.92
clip_param: 0.1
target_kl:  0.0007204694339983669
entropy_coef: 3.924485969660012e-07
opt_epochs: 10
mini_batch_size: 128
actor_lr: 0.20326888047455444
critic_lr: 0.0001440409520608575
rollout_steps: 100
max_env_steps: 114000
state_weight: 19.118913558750073
state_dot_weight: 2.4587475024285412
action_weight: 0.0010173819414689464
